1000
60 87 90
46 60 87
86 92 88
86 23 47
1 81 66
30 25 5
87 12 14
58 63 62
98 42 24
60 5 38
13 46 10
23 36 86
82 79 96
22 15 99
93 92 92
59 72 79
44 26 6
5 4 81
53 52 65
71 35 27
13 45 52
41 31 52
72 84 72
10 33 21
11 92 53
36 98 30
68 13 87
8 7 32
61 89 91
36 93 63
35 97 48
49 86 5
35 64 17
36 98 27
66 43 12
11 72 92
95 33 26
56 83 72
79 26 26
91 63 85
78 12 26
28 62 38
76 47 70
96 97 9
77 65 16
84 90 42
97 14 17
72 36 27
19 95 1
14 60 30
18 22 25
21 53 4
33 70 76
35 45 55
17 8 18
80 22 42
80 80 99
20 56 69
29 35 24
10 9 17
74 13 7
6 90 7
90 69 60
38 87 35
42 33 8
48 64 69
15 48 19
78 92 39
67 58 20
51 82 15
89 11 13
2 94 46
77 88 1
22 21 46
35 16 42
65 70 12
99 10 38
25 47 39
68 23 92
72 9 77
56 61 7
76 87 22
45 3 87
13 78 5
93 91 57
58 85 42
75 91 13
42 93 63
23 89 93
79 13 6
3 31 48
88 58 41
0 57 27
65 34 26
92 4 28
7 84 93
73 32 97
43 44 59
0 53 42
23 8 13
5 47 66
96 2 72
40 76 92
5 77 3
56 56 52
100 35 40
66 90 100
42 73 40
34 78 66
100 9 27
52 71 98
51 32 31
79 48 76
15 72 4
7 33 36
82 65 54
13 47 81
62 17 79
5 66 37
65 88 97
79 74 13
75 18 15
91 10 57
17 52 13
47 88 70
32 27 27
17 53 33
31 15 100
28 89 30
90 78 19
88 40 84
100 31 11
79 48 79
0 99 43
66 26 38
32 68 96
87 20 40
75 2 67
44 60 67
41 9 44
90 63 36
85 93 63
52 68 11
29 16 45
50 78 61
50 42 68
81 45 30
80 33 25
51 16 84
97 18 34
92 7 98
78 22 46
97 10 91
10 22 55
94 53 82
25 40 82
37 17 62
31 57 62
19 25 7
82 28 71
87 5 14
91 61 19
17 75 28
42 13 34
31 32 20
95 82 27
24 24 77
16 81 80
48 77 79
0 30 70
100 89 96
32 46 61
37 33 85
40 47 81
60 52 78
76 5 76
27 39 58
17 2 33
37 54 52
23 74 80
100 45 18
54 73 68
64 82 82
2 35 88
50 36 93
84 32 46
41 85 37
46 26 68
91 35 47
84 26 67
85 67 94
41 62 75
0 55 55
86 67 92
19 87 86
69 82 83
45 19 56
92 33 47
75 33 74
5 21 40
100 31 47
19 38 41
29 42 62
44 19 7
35 72 76
6 33 77
91 41 56
53 92 12
25 18 17
14 10 10
82 97 70
99 60 89
55 77 36
42 8 52
17 63 22
12 55 55
41 48 10
76 27 10
1 74 53
65 91 93
23 7 39
1 7 59
96 33 27
30 17 52
47 27 41
68 88 23
46 38 10
55 99 81
16 58 42
12 24 3
55 12 25
34 99 40
80 60 28
49 42 78
35 9 73
82 32 14
34 26 6
72 53 57
100 39 9
98 57 37
55 55 17
19 77 96
75 52 73
82 55 91
84 90 1
54 7 5
46 69 58
30 60 84
45 58 33
11 60 98
4 87 25
70 72 24
4 25 17
57 48 78
69 62 92
31 86 25
25 23 43
79 100 64
34 29 29
4 80 61
55 37 9
69 44 38
6 68 91
16 48 34
56 43 8
36 32 85
100 74 54
4 42 74
18 56 55
4 62 87
87 81 48
71 52 15
4 64 27
82 35 76
38 13 25
83 27 46
7 54 41
8 34 45
54 84 77
27 61 19
98 55 70
0 42 24
16 66 92
83 89 31
8 61 41
51 57 31
39 43 22
75 69 6
14 19 22
80 74 70
20 14 88
57 52 31
37 65 24
7 55 85
67 89 59
31 9 89
41 88 72
73 93 3
14 81 78
79 6 20
53 89 74
38 10 22
20 62 88
32 14 83
87 22 56
13 9 61
7 84 22
35 8 16
30 5 25
91 77 63
74 35 78
59 19 85
24 8 15
97 87 65
87 28 17
80 78 67
73 9 85
2 67 55
1 54 73
55 94 27
21 28 21
0 32 79
8 47 90
4 95 82
95 11 94
62 87 92
0 54 4
57 75 37
82 98 10
25 61 69
25 25 97
69 77 100
98 29 77
57 58 89
47 25 9
27 6 1
99 26 64
16 81 32
57 61 15
46 71 15
4 64 60
68 94 26
4 57 29
4 47 5
39 42 75
93 85 66
18 61 15
55 82 52
23 66 83
6 12 13
70 100 38
37 87 64
58 12 24
84 40 70
3 83 27
25 69 7
75 68 11
39 68 89
83 45 78
31 43 35
57 76 70
56 57 34
43 89 76
75 30 25
90 72 20
88 5 55
22 61 99
20 98 70
13 62 100
5 42 25
44 5 97
57 26 71
100 17 30
8 58 1
54 53 91
64 20 30
94 30 67
27 97 67
67 60 11
91 48 60
28 74 83
74 27 60
47 71 80
31 9 97
76 9 32
19 54 59
99 92 73
24 57 9
42 62 90
56 1 93
18 57 73
29 11 42
27 86 68
33 69 55
25 93 2
95 85 81
43 19 26
33 44 96
32 15 55
42 25 39
35 71 80
47 68 48
5 95 26
42 91 58
68 85 59
74 77 38
28 14 70
91 2 11
15 12 1
85 71 33
67 43 20
32 43 54
65 77 89
84 24 17
98 28 93
43 86 20
7 68 97
86 54 55
4 45 66
34 66 96
22 64 65
53 3 4
29 81 85
61 85 22
29 71 99
16 10 4
28 37 95
60 86 100
59 98 12
20 41 6
82 19 81
63 73 6
45 4 63
17 55 29
14 78 60
100 64 45
28 1 34
88 45 37
52 60 75
54 28 35
78 12 41
29 90 66
93 68 55
85 84 21
8 78 93
8 90 85
19 59 93
24 29 11
85 55 91
30 9 85
76 45 72
82 24 95
23 35 44
38 2 57
41 12 92
51 72 5
96 10 58
13 63 44
32 10 75
44 7 12
10 87 38
46 100 56
82 56 91
0 10 42
59 89 41
19 7 99
95 53 33
70 67 75
37 2 41
97 37 34
14 98 61
16 46 80
93 40 71
76 84 67
17 31 57
47 53 21
51 76 26
67 67 62
49 48 55
96 67 6
67 3 26
47 1 94
40 79 88
54 6 54
34 44 71
73 60 73
7 83 47
99 13 4
21 66 14
78 13 34
38 6 39
94 11 37
78 23 25
79 94 60
67 77 35
85 68 41
79 6 30
72 82 11
42 33 100
83 56 97
52 23 15
16 88 96
94 29 22
50 66 61
19 67 40
91 25 16
43 41 16
69 91 72
28 100 1
78 21 43
20 73 83
35 55 45
85 86 56
97 40 45
37 87 8
38 18 100
84 58 56
4 38 5
53 48 96
20 2 14
19 57 99
0 20 21
63 43 23
8 100 13
18 18 95
67 10 77
91 86 32
38 91 22
60 34 72
44 95 98
49 2 81
30 64 56
96 23 79
28 53 36
94 7 87
42 65 78
18 28 91
86 89 75
24 100 35
52 29 5
75 79 54
7 13 96
22 14 70
98 22 42
60 81 24
95 61 13
90 24 63
43 81 99
97 69 86
21 60 67
21 88 44
58 18 38
55 4 97
21 94 36
50 69 97
89 21 73
6 74 32
79 12 10
1 42 57
100 37 76
15 27 85
19 80 12
99 8 47
84 58 8
87 57 12
16 53 10
4 8 40
99 99 99
84 5 4
38 18 74
62 48 83
5 36 8
93 6 84
16 74 2
9 100 8
39 68 98
77 61 9
15 14 85
68 23 60
44 52 32
2 36 39
69 74 98
84 79 64
46 18 82
49 34 10
32 98 7
70 57 74
100 6 94
92 3 36
40 58 61
87 63 16
83 98 82
5 47 9
14 59 83
86 41 9
45 83 96
91 63 31
54 36 40
6 37 12
27 23 72
0 71 40
56 65 95
63 39 40
98 96 13
91 88 3
75 36 52
7 52 70
38 42 11
1 95 53
73 94 45
31 11 66
90 93 62
57 85 91
40 29 19
16 79 40
14 63 94
40 5 31
0 89 69
37 21 1
30 74 67
14 46 40
51 34 61
48 55 54
95 85 18
15 40 98
66 68 37
73 4 82
100 66 13
38 20 36
12 88 91
44 88 41
84 48 1
52 27 3
7 56 41
53 22 1
73 91 41
48 21 33
62 18 5
51 9 46
9 77 77
80 32 67
43 30 26
88 93 40
96 46 59
99 91 5
92 40 17
97 16 13
35 73 75
54 86 32
54 84 33
76 77 73
61 63 52
49 43 41
90 70 34
56 92 59
57 98 14
2 32 95
87 70 20
76 70 22
74 29 63
99 97 98
67 12 75
16 12 2
91 59 33
2 1 3
6 23 99
42 4 54
32 71 93
99 61 22
99 70 27
52 58 41
75 97 39
51 52 94
34 10 100
0 92 67
3 19 75
44 35 57
63 97 5
10 19 4
70 44 46
30 57 67
82 87 30
100 68 14
63 18 95
33 34 86
63 4 15
61 11 97
68 6 13
0 34 29
7 25 48
93 26 48
37 77 96
19 53 6
84 30 23
53 66 72
83 41 63
16 66 96
55 36 81
58 86 97
43 99 74
89 48 41
72 73 82
34 67 6
64 70 73
21 6 39
51 39 32
87 21 91
81 38 43
34 9 32
25 76 48
16 58 27
0 44 99
17 32 44
60 81 83
47 88 38
81 38 96
45 54 78
5 20 37
100 33 89
23 21 97
73 81 87
92 10 71
70 70 72
14 58 26
34 38 11
100 27 67
69 3 81
98 80 87
1 87 71
79 7 62
83 77 98
54 47 14
34 15 71
29 21 89
79 8 72
76 86 17
55 65 61
61 53 3
38 73 58
48 52 2
7 34 65
22 54 16
38 55 3
21 89 97
16 5 23
88 56 9
0 33 60
70 15 34
64 96 55
6 97 77
12 72 83
53 5 47
26 63 84
13 69 20
73 29 39
8 88 1
10 33 56
19 78 93
16 96 54
56 6 32
8 61 3
44 4 23
12 39 71
100 6 31
91 22 82
22 45 39
37 26 33
45 62 57
34 64 3
33 36 11
52 56 84
71 83 38
15 87 67
18 75 3
58 90 100
22 97 31
97 40 88
33 60 68
11 5 82
80 66 44
73 35 23
100 63 3
3 22 39
12 71 89
46 59 25
94 41 86
94 75 65
46 4 73
85 13 84
6 26 84
77 18 99
51 36 99
53 48 15
13 21 19
59 75 32
85 16 71
36 22 35
66 16 67
36 12 28
99 8 69
90 58 66
98 38 32
57 75 18
100 91 18
55 94 47
7 78 53
77 75 53
83 21 71
10 22 75
23 7 3
67 19 16
57 71 100
3 8 88
28 11 21
19 32 19
33 58 9
11 45 47
31 9 91
17 81 100
75 31 59
66 17 16
38 68 94
91 54 60
93 73 87
80 2 41
52 27 39
41 20 71
20 18 1
85 74 65
13 62 69
87 66 72
52 44 12
28 46 55
2 47 93
96 95 29
13 42 34
90 98 72
54 13 86
20 94 40
77 23 24
56 82 23
66 96 69
53 80 34
21 57 20
71 75 25
70 25 2
42 35 78
40 29 7
99 3 95
67 5 11
65 83 43
45 58 69
13 68 39
15 90 92
38 13 28
65 81 74
53 46 81
26 20 90
61 34 14
0 68 90
81 88 84
87 63 13
77 76 20
93 8 68
73 7 6
81 3 94
55 83 24
61 9 64
53 85 73
38 4 1
11 30 40
1 69 27
52 10 20
31 90 6
71 8 8
26 91 40
67 88 33
49 18 95
72 96 80
6 36 66
89 86 90
11 10 80
54 8 62
29 36 86
44 62 13
16 93 89
34 92 25
38 92 85
12 85 59
59 31 96
86 98 75
5 5 86
13 94 70
75 37 68
98 23 27
98 6 75
33 20 79
20 28 98
41 58 27
82 2 69
81 53 85
10 55 4
65 46 89
48 62 3
75 12 4
46 74 16
23 5 33
100 28 10
1 28 70
94 73 33
72 98 89
70 16 5
2 76 15
38 36 53
67 43 16
70 88 73
97 48 53
87 47 83
37 43 86
6 10 20
48 59 23
71 28 4
100 87 47
97 24 78
75 83 75
17 46 54
36 87 6
65 19 26
38 3 52
55 32 37
57 41 42
17 24 45
81 69 83
41 87 80
95 22 15
59 8 29
59 46 2
97 10 17
34 98 65
45 12 15
9 72 95
66 15 25
33 84 61
38 100 15
11 83 30
74 3 72
85 85 34
60 68 69
6 56 93
50 22 86
73 44 1
50 58 100
68 76 65
24 60 67
58 58 81
52 68 7
84 71 12
11 97 8
10 38 38
23 3 100
61 58 61
88 98 52
1 90 31
4 17 11
44 52 32
88 55 34
69 39 59
90 76 61
13 55 55
48 39 20
96 28 17
86 14 22
51 61 55
98 31 67
94 62 11
100 1 1
40 9 35
93 94 28
70 59 36
75 55 81
44 68 69
74 32 16
76 82 99
16 86 48
70 42 40
90 67 82
58 20 22
31 47 82
50 91 58
94 24 53
7 13 7
28 96 15
40 87 59
61 38 36
86 7 52
31 20 6
23 70 19
11 32 65
34 72 75
31 40 41
